0.13251
0.040844
0.025722
0.037216
-0.055471
-0.0853
-0.099083
-0.081585
-0.076761
-0.0044765
0.24209
0.30896
0.28221
0.19148
0.1729
0.35938
0.28526
0.23041
0.34219
0.22492
0.15943
0.10082
0.16455
0.10013
-0.032957
-0.0096054
0.077463
0.070835
0.16397
0.37373
0.38171
0.40825
0.25886
0.21854
0.12862
0.24865
0.24358
0.12844
0.037121
0.16718
0.24219
0.14347
0.24483
0.096216
0.18712
0.060974
0.29269
0.32094
0.26414
0.10271
0.1402
0.095196
0.20358
0.17575
0.093027
0.043905
0.015718
0.14142
0.12828
0.22183
0.29239
0.17201
0.13503
0.20978
0.33984
0.19927
0.40676
0.40357
0.34631
0.41791
0.51919
0.37057
0.28703
0.21601
0.14003
0.21275
0.043348
-0.1716
-0.030962
-0.018705
-0.048941
0.0024738
-0.076853
0.07205
-0.14391
-0.11456
-0.020866
-0.14345
-0.39994
-0.20306
-0.15485
0.045725
0.1033
0.097483
0.017838
0.02529
0.036684
0.14924
0.31845
0.34019
0.19097
0.083231
0.010996
0.031015
0.010811
-0.037235
0.083677
0.074659
0.059986
0.083513
-0.033108
-0.082655
-0.13718
-0.06686
-0.12107
-0.047894
0.03986
0.021873
0.017258
0.03739
0.11022
0.21033
0.061163
0.085966
0.22794
0.31225
0.16506
0.24216
0.088928
0.18656
0.15997
0.046711
0.11283
0.058676
0.14879
0.22431
0.13415
0.02417
0.054976
0.13081
0.066839
0.043573
0.19055
0.27384
0.19053
0.22852
0.21367
0.18154
-0.0035915
-0.12499
-0.10009
-0.14521
-0.1073
0.028234
0.16551
0.27624
0.26363
0.18641
0.12192
0.078365
-0.16588
-0.11363
-0.076332
-0.15602
-0.24967
-0.037285
-0.024494
-0.02475
-0.033676
0.11975
0.13668
-0.054476
0.14868
0.053659
-0.031992
-0.10719
-0.11927
-0.066517
0.071186
0.0989
-0.043085
-0.024986
0.10698
0.079025
0.048477
-0.10972
-0.14814
-0.16322
-0.24434
-0.21634
-0.23279
-0.046089
-0.070675
0.10983
0.1206
0.20288
0.082087
0.022018
-0.028034
-0.018496
0.01177
0.012302
0.036076
0.12076
0.17377
0.17448
0.063843
0.089737
-0.25946
-0.31976
-0.17554
-0.10954
-0.065411
-0.10132
-0.065533
-0.01248
0.0069752
0.062046
0.055342
0.043095
-0.12402
-0.30403
-0.23055
-0.21706
-0.16234
-0.13118
-0.14464
-0.18108
-0.18604
-0.012976
0.076162
0.0087051
-0.16511
-0.15855
-0.026545
-0.15628
-0.18833
-0.25854
-0.17871
-0.092081
-0.12721
-0.073584
0.031603
0.0017567
-0.018013
-0.07523
-0.14441
-0.10999
-0.11111
-0.16681
-0.14017
-0.09593
-0.091835
-0.036644
-0.090548
-0.19534
-0.19614
-0.17322
-0.19732
-0.28497
-0.14366
-0.034885
-0.020115
-0.14422
-0.27039
-0.31648
-0.37042
-0.31281
-0.46043
-0.44702
-0.34433
-0.43553
-0.41486
-0.43816
-0.46736
-0.57576
-0.52874
-0.3647
-0.30613
-0.1887
-0.18607
-0.079929
-0.046412
-0.095074
-0.09042
-0.17377
-0.18308
-0.05077
-0.060535
-0.058044
-0.17867
-0.37649
-0.46546
-0.3716
-0.41039
-0.45053
-0.46477
-0.45158
-0.3041
-0.21979
-0.079105
-0.096905
-0.1131
-0.15845
-0.25584
-0.13132
0.0010853
0.092955
-0.082712
-0.10265
0.00057602
0.01458
-0.0094738
-0.17285
-0.24632
-0.15932
-0.2345
-0.25511
-0.093004
0.054256
-0.067991
-0.22276
-0.40976
-0.51717
-0.48923
-0.37095
-0.14515
-0.14228
-0.1921
-0.09046
-0.071194
-0.17464
-0.25331
-0.24781
-0.12592
-0.14494
-0.069775
0.016785
-0.0069275
0.0019054
-0.14643
-0.22685
-0.25059
-0.16994
-0.12644
-0.13309
-0.031195
-0.15161
-0.1424
-0.1179
-0.21675
-0.18898
-0.052073
-0.013639
-0.11472
-0.20657
-0.15509
-0.15859
-0.14942
-0.14033
-0.10838
-0.107
-0.23076
0.039356
0.13275
0.032419
-0.058683
-0.038116
-0.0592
-0.074537
-0.2149
-0.25729
-0.061916
-0.045685
0.10617
-0.030464
-0.0072727
-0.069038
-0.11634
-0.080315
-0.039171
-0.25101
-0.067842
0.03159
-0.11449
-0.10682
-0.025288
-0.18458
-0.1932
-0.2355
-0.22438
-0.34179
-0.37491
-0.49976
-0.51553
-0.51183
-0.38572
-0.20636
0.016684
0.00077629
-0.16488
-0.19096
-0.097935
-0.16813
-0.18418
-0.19316
-0.12146
-0.05909
-0.10715
-0.091286
-0.12709
-0.069763
-0.086672
-0.31683
-0.257
-0.12407
-0.21065
-0.29406
-0.34839
-0.25676
-0.28224
-0.31993
-0.32614
-0.34029
-0.36848
-0.07502
-0.040833
-0.18553
-0.23528
-0.2415
-0.26636
-0.31349
-0.34835
-0.34365
-0.32801
-0.33635
-0.24799
-0.29125
-0.2421
-0.30686
-0.34135
-0.45722
-0.472
-0.4554
-0.28977
-0.2499
-0.10694
0.030895
-0.0055332
0.15107
0.17505
0.19329
0.00011826
-0.12803
-0.23493
-0.094078
-0.30577
-0.33267
-0.18997
-0.028683
0.099539
0.17544
0.13311
-0.021185
-0.13046
-0.15747
-0.044945
-0.069441
-0.15291
-0.047174
-0.19871
-0.30988
-0.16707
0.12942
0.20674
0.1332
-0.14059
-0.14306
-0.19497
-0.21327
-0.27575
-0.2718
-0.22329
-0.18464
-0.23443
-0.20005
-0.18493
-0.048935
0.077309
-0.029648
-0.19238
-0.22833
-0.28528
-0.22474
-0.25136
-0.37835
-0.42789
-0.33313
-0.34326
-0.23388
-0.13396
-0.32812
-0.34739
-0.29448
-0.20035
-0.17356
-0.21194
-0.32099
-0.39405
-0.36414
-0.34364
-0.41783
-0.43395
-0.36862
-0.36746
-0.2497
-0.21414
-0.21484
-0.30442
-0.157
-0.26832
-0.38147
-0.44649
-0.24525
-0.21796
-0.31877
-0.30822
-0.28587
-0.31005
-0.37202
-0.34044
-0.21
-0.35519
-0.29965
-0.33074
-0.32656
-0.3263
-0.23845
-0.16734
-0.21657
-0.093115
-0.11473
-0.082878
0.030796
0.19494
0.2507
0.21262
0.14435
-0.018631
0.054802
0.020607
-0.0073986
0.006916
-0.096766
-0.17422
0.012156
-0.14952
-0.18831
-0.16754
-0.045374
-0.071569
-0.18838
-0.20862
-0.19812
-0.0052853
-0.0006752
-0.082827
-0.066624
-0.12597
-0.28731
-0.19368
-0.22498
-0.20548
-0.10234
-0.19923
-0.21548
-0.13684
-0.040985
0.020802
0.001997
0.0014477
0.22114
0.15683
0.30799
0.20972
0.17344
0.16109
0.17661
0.015316
-0.033295
-0.072319
0.067307
0.27652
0.21782
0.24034
0.39891
0.29048
0.10905
-0.0080738
0.07773
-0.089916
-0.022005
0.12576
0.055626
0.12299
0.0015602
0.051838
0.034796
0.00039864
-0.078747
-0.045214
-0.17482
-0.1698
-0.056984
-0.054148
-0.15178
-0.15209
0.00096893
-0.036634
0.14612
0.20632
0.10888
0.027475
0.087681
0.20701
0.063904
0.016623
-0.10928
-0.31176
-0.37692
-0.34946
-0.075394
-0.070642
-0.066717
-0.071594
-0.17463
-0.040325
-0.14029
-0.080988
-0.082325
-0.1024
-0.074169
0.091547
0.25957
0.27368
0.31991
0.067377
0.15366
0.1742
0.086655
0.058802
0.024197
-0.11096
0.02375
0.082167
0.14861
0.08684
0.093384
0.046818
0.08589
0.084503
-0.017015
0.14882
0.29873
0.17012
0.23536
0.34542
0.33553
0.36215
0.23013
0.16167
0.20808
0.18746
0.068834
0.0050621
0.1578
0.20293
0.22642
0.25412
0.28909
0.22708
0.23533
0.22112
0.074812
0.17834
0.15696
0.13855
0.14948
0.083889
-0.029551
0.0067177
-0.048306
0.1278
0.26267
0.34484
0.28779
0.23058
0.31839
0.2893
0.1091
0.22125
0.36349
0.25388
0.20264
0.17164
0.14631
0.10634
0.026741
-0.062075
-0.24653
-0.27042
-0.218
-0.26749
-0.11322
0.016975
-0.060043
-0.087822
0.033062
-0.055593
-0.07513
-0.068174
0.023264
0.15721
0.32117
0.33196
0.4768
0.44661
0.55269
0.36316
0.32883
0.39081
0.22561
0.25325
0.1398
0.039694
0.11945
0.10639
0.1346
0.057306
0.12604
0.17494
0.20407
0.028446
0.05662
0.091776
0.030853
0.049522
0.061455
0.059196
0.24264
0.24055
0.34694
0.37346
0.25452
0.13246
0.11846
0.17945
0.090654
0.15209
0.066475
0.017618
-0.034859
0.095797
0.072456
0.16544
0.30441
0.086805
-0.05464
-0.071625
-0.1285
-0.19317
-0.24842
-0.27022
-0.21475
-0.034634
0.037556
0.030329
0.12586
-0.027355
-0.062059
-0.10306
-0.15873
-0.28204
-0.33771
-0.26862
-0.24609
-0.23065
-0.16975
-0.01318
-0.069756
-0.17081
-0.19836
-0.12299
-0.086555
-0.13659
-0.15599
-0.054821
-0.016241
0.016247
0.14503
0.12962
0.072905
0.17526
0.14174
0.10913
0.042604
-0.066936
0.068316
0.044468
0.11709
0.11091
0.16405
0.21295
0.22414
0.31738
0.35505
0.1972
-0.0073261
-0.099228
-0.16947
-0.23677
-0.31405
-0.16986
-0.013426
0.0091476
-0.15049
-0.2802
-0.27487
-0.14688
-0.10388
-0.13357
-0.19268
-0.22933
-0.081211
-0.0082932
0.091026
0.066931
-0.025696
-0.043543
-0.087749
0.014866
0.17705
0.098711
0.1241
0.0053978
0.10643
0.20971
0.23921
0.14248
0.1799
0.12639
0.15322
0.19293
0.1655
0.034943
0.15547
0.099787
0.06695
0.076756
0.1594
0.28583
0.33595
0.32526
0.24257
0.22094
0.24092
0.006403
-0.039614
0.087568
0.017149
-0.024574
0.29313
0.39484
0.36205
0.20561
0.08176
0.16914
0.11103
0.15295
0.1886
0.30009
0.45095
0.54335
0.44946
0.46427
0.37341
0.17657
0.10987
0.15151
0.2669
0.32162
0.2556
0.41004
NaN
NaN
NaN
NaN
NaN
NaN
NaN
