-2.0012
-1.6831
-1.3677
-1.4319
-1.6298
-1.1305
-0.89311
-0.95094
-0.98715
-0.98163
-1.1574
-1.2743
-1.3131
-1.0329
-0.33503
-0.12496
0.11012
0.13681
0.41613
0.18664
0.50284
0.53096
0.62635
0.34953
0.11812
0.0021286
-0.059822
0.094002
-0.016918
-0.40859
-0.64899
-0.53527
-0.36952
-0.41367
-0.70976
-0.35191
0.18988
0.25478
0.33604
0.32637
0.47172
0.5278
0.25106
0.10624
0.2838
0.19973
0.25333
0.4436
0.42514
0.28659
-0.33255
-1.064
-0.69093
-0.79417
-1.0672
-1.4087
-1.6103
-1.4416
-1.056
-1.2967
-0.93712
-0.93657
-1.0141
-1.1086
-1.1542
-1.0448
-1.0311
-1.325
-1.443
-2.262
-2.3753
-1.9942
-1.2116
-0.97924
-0.77937
-0.86201
-0.68068
-0.78316
-0.94877
-1.1535
-0.99334
-0.925
-1.068
-0.85471
-0.5152
-0.20654
0.22366
0.52238
0.73956
0.77043
0.98723
0.85858
0.70879
0.74157
0.9923
1.3368
1.7753
1.4995
1.0311
0.56492
0.49801
0.39491
0.14065
0.014101
-0.32701
-0.2259
0.12704
0.05385
0.52112
0.43889
0.23811
0.17071
-0.11125
-0.21793
-0.74241
-0.74415
-0.80569
-0.43412
-0.58473
-0.37885
-0.28547
-0.4536
-0.25204
-0.22438
-0.12902
-0.35399
-0.2964
-0.13357
-0.28972
-0.4491
-0.37125
-0.33829
-0.31682
-0.18517
-0.29935
-0.3484
-0.057938
0.074356
-0.29289
-0.64562
-0.94588
-0.96346
-0.55883
-0.58814
-0.59273
-0.55635
-0.43489
-0.58184
-0.76449
-0.51154
-0.41594
-0.5065
-0.79034
-0.7068
-0.8729
-0.8902
-0.78346
-0.5166
-0.055201
0.074692
-0.17848
0.024527
0.60253
0.64355
0.67129
0.6839
0.84108
1.0595
0.78617
0.39191
-0.21462
-0.76048
-0.99357
-1.0058
-0.84352
-1.2388
-1.4063
-1.3051
-1.3676
-1.3359
-0.89533
-0.54876
-0.28977
-0.32775
0.18293
0.49906
0.72381
1.1385
1.2839
1.4924
1.49
1.3947
1.1154
0.80673
0.98057
0.45463
-0.25865
0.050966
0.15018
-0.34976
-0.45327
-0.45215
-0.39676
-0.53502
-0.67309
-0.6301
-0.73393
-0.97396
-0.46478
-0.12421
-0.21115
-0.39577
-0.86731
-0.69997
-0.54708
-0.61239
-0.86265
-1.0563
-0.90038
-0.61321
-0.62272
0.28569
0.39754
0.17706
-0.00247
0.078659
0.57624
0.70542
0.94405
1.1164
0.58708
0.42235
0.47496
0.097616
-0.099312
0.18175
0.42353
0.66638
0.47685
0.41424
0.27369
0.20817
-0.096031
0.030373
-0.17922
-0.55477
-0.97042
-1.236
-1.0813
-1.0754
-1.0535
-1.2908
-1.7374
-1.5577
-1.3124
-1.075
-0.85651
-0.99208
-1.0517
-1.0819
-1.0072
-1.2007
-1.0708
-1.1935
-0.93089
-0.43856
-0.14552
0.18305
0.50474
0.59078
0.9603
1.1129
1.2209
1.5883
1.9782
2.128
1.7879
1.2106
0.3151
-0.4685
-0.84854
-1.0439
-1.4212
-1.6106
-1.6645
-1.9417
-2.2968
-2.2274
-2.0951
-1.646
-1.3969
-1.247
-1.1723
-1.0641
-0.78494
-0.50371
-0.65002
-0.89682
-1.0183
-0.93558
-0.45876
-0.6722
-1.0464
-0.85152
-1.0131
-1.3613
-1.2772
-1.5022
-1.6726
-1.788
-1.5807
-1.8909
-2.0132
-1.2541
-0.77566
-0.82531
-0.61319
-0.24403
-0.050482
0.14392
0.29326
0.79139
0.78698
0.52912
0.77194
0.38482
0.23762
-0.27037
-0.090559
0.14744
0.20122
0.013922
0.39356
0.67122
0.55967
0.73242
0.61378
0.26112
-0.14688
-0.59228
-0.61308
-0.57089
-0.43759
-0.76606
-0.71522
-0.42106
-0.30178
-0.022329
-0.14155
-0.21142
0.031029
0.1254
-0.12495
-0.1579
-0.35757
-0.080849
0.26717
0.1578
0.36227
0.55288
0.53165
0.22685
0.075588
0.043463
0.20108
0.34757
0.053528
-0.3576
-0.28606
-0.21219
-0.025541
0.083401
-0.36751
-0.62876
-0.59156
-0.41863
-0.45125
-0.32434
-0.52762
-0.50637
-0.19986
-0.25465
-0.33523
-0.16438
0.12056
-0.15629
0.17913
0.31907
0.57441
0.6665
0.48438
0.74672
1.4845
2.0328
1.9943
2.2369
2.3393
1.9478
1.4281
1.0596
1.0252
0.67856
0.0039482
-0.24743
-0.53099
-1.1134
-1.216
-0.99146
-0.67633
-0.17776
-0.46729
-0.57255
-0.61046
-0.7624
-0.38872
-0.22238
-0.34583
-0.63091
-1.1112
-1.3075
-1.1705
-0.71397
-0.73787
-1.0662
-0.90769
-0.77751
-0.62278
-0.53642
-0.71023
-0.44452
-0.29711
-0.3684
-0.66641
-0.69519
-0.3679
-0.223
-0.40754
-0.16937
-0.00024033
0.33918
0.51781
0.85247
1.0852
1.1589
1.1299
1.1428
1.0315
0.68468
0.74477
1.0552
1.4085
1.5874
1.638
1.2824
1.1459
0.97681
0.89695
0.28774
0.14633
-0.33185
-1.131
-1.6048
-1.6209
-1.1707
-1.0083
-1.8523
-1.9743
-1.9266
-1.975
-1.4617
-1.157
-0.9677
-0.75306
-0.44976
-0.45842
-0.50578
-0.31043
-0.35761
-0.37446
-0.09804
0.0048485
0.21889
0.092339
0.18875
0.20587
0.052906
0.20368
0.24011
0.2082
0.25812
0.17834
0.39218
0.48136
0.32528
0.082729
0.29935
0.38606
0.65402
0.87513
0.6982
0.41345
0.90348
1.271
1.7256
1.8276
1.7867
1.4297
1.3114
1.1647
0.71201
0.33515
0.073931
-0.07264
-0.25431
-0.20747
-0.11706
0.13717
0.4223
0.43663
0.69844
0.89962
0.48935
0.33998
0.15138
0.34461
0.099878
0.0791
0.19826
0.08799
0.070377
0.1542
0.37007
0.42789
0.45114
0.35901
0.54916
0.46876
0.79681
1.1851
1.2914
1.0165
0.74386
0.5129
0.39108
0.009161
-0.0058651
-0.098341
-0.60535
-0.84468
-0.83343
-1.028
-0.90837
-0.86466
-0.85439
-0.56462
-0.35856
-0.25761
-0.30127
-0.32606
-0.19594
-0.4569
-0.39998
-0.33745
-0.6077
-0.53814
-0.36247
-0.19738
0.26966
0.76591
1.2288
1.6766
1.9134
2.1218
2.4083
2.4887
2.3257
2.374
2.0373
1.3853
0.88981
0.69687
-0.2561
-0.87592
-1.2638
-1.2661
-1.42
-1.3883
-1.6503
-1.6963
-1.3111
-0.90507
-1.0055
-1.0231
-1.0569
-1.0524
-1.1999
-1.0956
-1.1913
-1.5085
-1.7023
-1.7736
-1.5356
-0.93565
-0.7595
-0.74176
-0.64893
-0.5533
-0.46657
-0.52677
-0.65454
-0.7119
-0.88213
-0.73699
-0.62202
-0.43365
-0.38328
-0.21254
-0.053993
0.07305
-0.032049
-0.21013
-0.10175
-0.29481
-0.37426
-0.16197
-0.034172
0.054949
0.12978
0.4283
0.8518
0.85615
0.88833
1.0843
1.2898
1.5423
1.4114
0.59508
0.65216
0.41156
-0.029808
-0.49071
-0.15134
0.32015
0.27645
0.26156
0.46737
0.40805
0.46748
0.26113
0.24333
0.16713
0.18008
0.18504
0.26974
0.60079
0.78144
0.80275
0.76848
0.73219
0.77731
0.65509
0.36948
0.49416
0.36936
0.42482
0.17773
-0.11748
-0.032259
-0.044331
-0.021742
-0.51434
-0.88603
-0.92051
-0.66425
-0.66366
-0.20753
0.035051
0.1395
0.12173
0.32885
0.5889
0.74024
1.0637
1.1757
0.68905
0.13742
-0.13109
-0.20836
-0.34936
-0.21849
-0.47195
-0.69673
-1.1216
-1.3498
-1.4604
-1.5471
-1.6893
-1.6566
-1.1599
-0.88306
-0.72203
-0.54714
-0.18489
-0.11034
-0.25998
-0.30795
-0.38264
-0.82104
-0.89614
-0.7796
-0.64555
-0.24076
0.17881
0.44872
0.59595
0.58131
0.67236
0.93013
1.5328
1.7806
1.5167
1.2684
0.95143
0.49518
-0.094469
-0.5476
-0.95516
-1.3638
-1.6027
-1.6421
-1.5647
-1.5656
-1.5453
-1.0947
-0.87068
-0.65402
-0.39617
-0.23788
-0.30713
-0.62106
-0.80555
-1.0023
-1.1072
-1.0218
-0.87639
-0.66903
-0.57012
-0.39605
-0.20306
0.15527
0.35821
0.485
0.37227
0.30517
0.22859
-0.22174
-0.53133
-0.50718
-0.20455
-0.13955
-0.27286
-0.28763
-0.274
-0.35796
-0.18546
-0.15689
-0.0685
-0.12846
-0.51654
-0.62097
-0.24146
0.18244
0.42686
0.34981
0.035379
-0.021689
0.26779
0.47142
0.81551
0.73826
0.50166
0.44189
0.52877
0.80652
1.0411
1.3149
1.5687
1.9459
2.1941
2.4053
2.7955
2.7004
2.5708
2.273
1.6783
1.0217
0.43767
0.11671
-0.35449
-0.54608
-0.57193
-0.68418
-0.67411
-0.45791
-0.43653
-0.078032
0.08305
0.31485
0.48027
0.47292
0.37568
-0.13095
-0.43886
-0.52224
-0.8903
-0.95748
-0.98125
-0.76918
-0.75206
-0.39899
-0.073128
0.19468
0.25668
0.13102
0.4766
0.95785
0.99661
0.93361
0.65113
0.73432
0.86772
0.74011
0.68534
0.59561
0.47767
0.073441
0.03558
0.54007
0.60956
0.56396
0.60301
0.38284
0.53459
0.47807
-0.14717
-0.19534
-0.1794
-0.56209
-0.82899
-1.2006
-1.337
-1.1091
-1.0088
-0.99412
-0.75208
-0.61114
-0.33944
-0.14405
-0.27804
-0.51662
-0.56397
-0.90278
-0.87246
-1.0275
-0.95532
-0.8837
-0.93079
-1.012
-0.99587
-0.61877
-0.58551
-0.95907
-1.0833
-0.94827
-0.82992
-0.81734
-0.72632
-0.45036
-0.060221
0.24762
0.58382
0.97344
1.1369
1.37
1.588
1.7616
2.0993
2.0647
1.8106
1.5285
1.1804
0.89815
0.44273
NaN
NaN
NaN
NaN
NaN
NaN
NaN
